6.683618012422359866e-01
8.041537267080745011e-01
8.444487577639752107e-01
8.749611801242236364e-01
8.918478260869565633e-01
9.045807453416149224e-01
9.120341614906832817e-01
9.194099378881988027e-01
9.263198757763975166e-01
9.321040372670807983e-01
9.358307453416149224e-01
9.404503105590061862e-01
9.432065217391304435e-01
9.447593167701863193e-01
9.475543478260869401e-01
9.493788819875776941e-01
9.541149068322981597e-01
9.543866459627329268e-01
9.575698757763975166e-01
9.595496894409938360e-01
9.617236024844720843e-01
9.599767080745341685e-01
9.647127329192546341e-01
9.667313664596273171e-01
9.667701863354036806e-01
9.675465838509317296e-01
9.689052795031055654e-01
9.702251552795031486e-01
9.697204968944099779e-01
9.720108695652174280e-01
9.723214285714285587e-01
9.736413043478261420e-01
9.753881987577639467e-01
9.750776397515528160e-01
9.737965838509317074e-01
9.759704968944099557e-01
9.772515527950310643e-01
9.772127329192547007e-01
9.789596273291925055e-01
9.777950310559005986e-01
9.788043478260869401e-01
9.803571428571428159e-01
9.797360248447204434e-01
9.815217391304348338e-01
9.819099378881988027e-01
9.811335403726707538e-01
9.822204968944099335e-01
9.823369565217391353e-01
9.837732919254658093e-01
9.831521739130434367e-01
9.831909937888199114e-01
