1.817111988837674552e+00
1.185128210568279883e+00
9.502033750462975936e-01
7.953887656562447228e-01
6.956749250539665530e-01
6.270036308051474272e-01
5.698361871220309904e-01
5.254701555937945079e-01
4.929616508571581512e-01
4.553557415786401719e-01
4.297708495531624706e-01
4.019678401711587745e-01
3.841577749903261618e-01
3.691301730221357436e-01
3.440294726779221657e-01
3.348043012050246348e-01
3.139226212203850008e-01
3.072576637380186604e-01
2.863339015609521199e-01
2.744709592456466840e-01
2.652051756145455963e-01
2.610831609046410651e-01
2.432804260705886956e-01
2.345428280178052660e-01
2.253719325564940423e-01
2.197121858104386649e-01
2.090963609712393478e-01
2.038533010363494935e-01
1.934435676137616078e-01
1.894287323418307745e-01
1.906807298394997685e-01
1.785955100420968111e-01
1.729160645659232054e-01
1.744162976013652611e-01
1.738551090397782994e-01
1.617503503116964059e-01
1.571290045202223817e-01
1.554816252325378623e-01
1.520065361556166006e-01
1.529395651367098097e-01
1.446870099906975848e-01
1.364395152283210677e-01
1.402696082100322039e-01
1.265870026042337781e-01
1.276336698145721371e-01
1.296292341210856236e-01
1.187137449140514417e-01
1.242080281539845454e-01
1.191545214412263187e-01
1.181413400890768406e-01
1.147543505560867094e-01
