1.735237611826750959e+00
1.231707856178823723e+00
9.803322846802580148e-01
8.203063572477712340e-01
7.063690033147448366e-01
6.422986805053620962e-01
5.903522070828761681e-01
5.536166080445147353e-01
5.142626503794353043e-01
4.720121770005832329e-01
4.480549089394483819e-01
4.294389409599183582e-01
4.039251964931468430e-01
3.781733525141829921e-01
3.613831368208988426e-01
3.439355952646703241e-01
3.297890607554880282e-01
3.151150202313108828e-01
3.072585736091528186e-01
2.849934306240644588e-01
2.751558721541796926e-01
2.709704957228365463e-01
2.606981030102584751e-01
2.470738668171758856e-01
2.370994293259460484e-01
2.363808429337986849e-01
2.217512378610257129e-01
2.174991468570594000e-01
2.168087292932943388e-01
2.023375094218382020e-01
1.934125103608025920e-01
2.021199663541244917e-01
1.836849074789617120e-01
1.824852801535477576e-01
1.800789160195431504e-01
1.801001204804957845e-01
1.635457768065524675e-01
1.619221775389474149e-01
1.618176038570439956e-01
1.591470505308641703e-01
1.582995503600621578e-01
1.550825747561206669e-01
1.463832090093411531e-01
1.414725211692837437e-01
1.409944232404509723e-01
1.469650530810902578e-01
1.333446791308454671e-01
1.340445105646555501e-01
1.288188954392089358e-01
1.236397605087091872e-01
1.256792417965276465e-01
